006054094X
0060776757
0521703344
0789202158
0791433781
155109391X
155660193X
1598163124
1853815152
1859954782
2010076826
2010103289
2010120337
201018128X
2010195914
2011668727
2012356184
2012363555
2012367992
2020007428
2020015048
2020086298
2020097672
2020115816
202013554X
2020211076
2020326205
2020413914
2020509105
2020550776
2035054230
2040039120
2040166319
204016927X
2040198989
2051008647
2070200744
2070216608
2070252825
2070291340
2070293882
2070360075
2070408833
2070603105
2070719936
2070721361
2070732266
2070743861
2070747557
2080109200
2080112686
2080136038
2080664425
2080668765
2080676741
2080689142
2082008894
2091905291
2092503375
2092784862
2110811781
2130435750
2130438326
2130443516
2130509738
2130525628
2130558283
2200217021
2200267843
2200346883
2200451024
2203342110
2203373016
2203605057
2204011118
2204048348
2204050393
2204062235
2205045687
2205057820
2205058924
220723102X
2207255794
2207257037
2210850010
2211037208
2213003939
2213009252
2213011680
2213012873
221301485X
2213016399
2213020000
2213594074
2213599947
221361590X
2213618909
2215005092
2215012781
2215042699
2218038862
221805048X
222004808X
2220048470
222100714X
2221008170
2221009215
2221012534
2221049616
2221054288
2221064909
2221067134
2221072626
2221082184
2226006958
2226017550
2226039619
2226048189
222607502X
2226104348
222610562X
2226137785
2226151095
2226172556
2227310235
2227350016
2227366095
2228026212
2228070610
2228140007
222888023X
2234012767
2234016037
2234019893
2234025710
2234045320
2235022189
2246008204
2246354811
2247004571
2251491112
2253049395
2253063622
2253132209
2253153958
2253905712
2257305760
2258034515
2259017037
2260009115
2262000948
2262010838
2262016895
2264005874
2264042923
226603684X
2266104942
2266115677
2266143840
2266161296
226701310X
2268005011
2268008037
2268016110
2268033562
2268050122
2268051528
2278005774
2278053795
2278054929
2286017433
2290318167
2298144028
250100664X
2501037162
2501046676
2603012320
2700010027
2700305035
2700602501
2701012597
2701113644
2701114063
2702016456
2702430538
2702480012
2702802230
2702875599
2702890350
2702898300
2705800794
2707300829
2707306053
2707316725
270823210X
2708400258
2708704206
2708992090
2709602733
2709619261
2709622467
2709803046
2709803747
2710326868
271050300X
2710702207
2711752976
2711753085
2711823660
2711824403
2711848035
2712203976
2712600045
2714001238
271400153X
2714425895
2715213638
271521748X
2715500130
2715809697
2717722831
2723409309
2723418928
2723426041
2723433013
2724203798
2724278003
2725600588
2725618371
2728907714
2729105700
2729600663
273243003X
273243177X
2732802395
2732834254
2733805460
2733908820
2737323320
2737335639
2738105084
2738114253
2738405835
2738479782
2738484247
2740300514
2742709266
2742722734
2742736220
2743300655
2743304294
2744191973
274419333X
274590728X
2745920677
2746703017
2747507602
2747576205
2748005325
2749100429
2764004885
2800133791
280361863X
2803619717
280361989X
2804143066
2830705564
284023081X
2840504057
2840554798
2840559382
2840800411
284114383X
2841720861
2841722880
2841871614
2841876241
284196261X
2842192508
2842450175
2843461219
2843461405
2844163130
2845657293
2845734107
2845990162
2847341811
2849100161
2850000469
2850170003
2850540226
2850765368
2850769150
2851085891
2853510115
285480435X
2855890187
2856167985
2857040385
285704447X
2858226148
2859406484
2859443843
2862747955
2863742205
2863742930
2864770717
2865864340
2865864936
286635186X
2866450299
286665241X
2866761456
2867142156
2867430453
2867430550
2867430607
2867432278
2867432332
2867432537
2867432618
2867433266
2867433282
2867435374
2867455146
2868200907
2868490476
2869597088
2869672187
2869672470
2869713347
2873241047
287442157X
2876451069
2876600781
2876780070
2876800020
2877061876
2877064506
2877100677
2877111881
2877120473
2877141721
2877861961
2879003652
2880230217
288058017X
2883533334
288399062X
2884611533
2884710914
2890513351
2895231753
2902093195
2902116845
2902416415
2902605072
2902702116
2902702450
2902707037
2903702144
2904616705
2905045434
2905319259
2905388595
2905521317
2906064513
2907212729
2907653814
2908554305
2908587270
2908901781
2909317862
2909507076
290959906X
2909808688
2909906272
2909997049
2911074254
291151579X
2912362555
2912668085
2912930200
2913561012
2913714846
2914239505
2914541201
2914566336
2914908172
291517315X
2915500525
2916233105
2920000160
2920540262
292098716X
2921425629
2921556251
2950145949
2951123906
2951167806
2951490801
2951863829
2952086303
2952158827
2952637407
295999034X
3140462107
3254380006153
3822896829
3855397007
7119016393
8824200281
8884918529
904291338X
906153223X
9061535522
9062200044
9403222395
9757199303
9780062367143
9780552559966
9780981960074
9781021822260
9781444720709
9781465457516
9781773880013
9782011453754
9782011710109
9782012015647
9782012015999
9782012035393
9782012309722
9782012383944
9782012436831
9782012799462
9782012800205
9782013193092
9782013950626
9782014637663
9782016257586
9782017013372
9782017013679
9782017025191
9782017098454
9782017124184
9782017186045
9782017208471
9782017212720
9782017224419
9782020444644
9782020964852
9782021166866
9782021542493
9782021569001
9782035825940
9782035833501
9782035884510
9782035889829
9782035902993
9782035909749
9782035922335
9782035926548
9782035928542
9782035985194
9782070129829
9782070148820
9782070197200
9782070281343
9782070360024
9782070364305
9782070368228
9782070612758
9782070618491
9782070624539
9782070631476
9782070665686
9782072742514
9782073021069
9782073048981
9782075088879
9782075096881
9782075105941
9782075158190
9782075200714
9782080466570
9782080674371
9782081209428
9782081220003
9782081224148
9782081229525
9782081278103
9782081441309
9782082025379
9782091652641
9782091725338
9782092522998
9782092530214
9782092571675
9782092791097
9782095017323
9782095033217
9782100505470
9782100516193
9782100521586
9782100577187
9782100593842
9782100758494
9782100814602
9782100824328
9782130835998
9782200257576
9782200274597
9782200370329
9782200370336
9782200930974
9782203001893
9782203006218
9782203044609
9782203185746
9782203391673
9782204091633
9782205070194
9782205074277
9782206302577
9782206304687
9782207130612
9782210422179
9782211236331
9782211239653
9782211333290
9782212113938
9782212132571
9782212552324
9782212566697
9782212571325
9782213016771
9782213022727
9782213022864
9782213030630
9782213594897
9782213612300
9782213614373
9782213630991
9782213631486
9782213631752
9782213662862
9782213701059
9782215115052
9782215125389
9782215125884
9782215126324
9782215142089
9782215144939
9782215149873
9782215165507
9782216165179
9782221097199
9782221117132
9782221117156
9782221196441
9782221251980
9782221256626
9782221274446
9782221900741
9782226107558
9782226194084
9782226221667
9782226328489
9782226400949
9782226402967
9782226435408
9782226444806
9782226452023
9782226492678
9782228902892
9782228904902
9782240042576
9782244464206
9782251380353
9782253030768
9782253070443
9782253159933
9782253249702
9782258086425
9782258118416
9782258200135
9782258208407
9782259208734
9782259215978
9782259315647
9782262010959
9782262026417
9782262036454
9782262036515
9782262041045
9782262047450
9782262048297
9782262079161
9782263045141
9782263177033
9782264061225
9782264070173
9782264072306
9782264076083
9782264077097
9782264078278
9782264084682
9782264084767
9782265085947
9782265099272
9782265155565
9782266171120
9782266179539
9782266188784
9782266207782
9782266219150
9782266234153
9782266257299
9782266263474
9782266268554
9782266277297
9782266321990
9782268061726
9782268063881
9782268107011
9782271064981
9782271069702
9782271079176
9782277009221
9782278051472
9782278067664
9782280277747
9782286005511
9782286165970
9782290095140
9782294747359
9782294773693
9782296062528
9782296069145
9782296549920
9782298000641
9782298002348
9782298007299
9782298013931
9782298023275
9782298032673
9782298038828
9782298047264
9782298118049
9782298127003
9782298159332
9782298185393
9782302002883
9782302012394
9782302063921
9782302075467
9782305021713
9782307063834
9782311100785
9782311203561
9782311205787
9782311219487
9782311661927
9782311662221
9782317012556
9782317014673
9782317024269
9782317025662
9782321006749
9782324011191
9782324019012
9782324019050
9782324020803
9782324021039
9782329330884
9782330005214
9782330012861
9782330056858
9782330072803
9782330074166
9782330121433
9782330183806
9782336308548
9782343044477
9782343117706
9782344013762
9782344025055
9782350183602
9782350351988
9782350353463
9782350771014
9782350773148
9782351240113
9782351674383
9782351852415
9782351952375
9782352073437
9782352166092
9782352212577
9782352213673
9782352878834
9782352900757
9782352942849
9782352946854
9782353451074
9782354086367
9782354135331
9782354860424
9782354881511
9782356310439
9782356740366
9782356876348
9782357207516
9782358530026
9782358530033
9782359051414
9782359851526
9782360570775
9782360571963
9782360980222
9782360980772
9782361210311
9782362291418
9782362610875
9782362660672
9782362700224
9782364451308
9782364808560
9782364930391
9782365262088
9782365491792
9782365697460
9782365774307
9782366243895
9782367042671
9782368529928
9782370472052
9782370550637
9782370560254
9782370560445
9782370730848
9782371020276
9782371580701
9782372542081
9782372605816
9782372605939
9782373490169
9782374951744
9782378231286
9782378282622
9782378283261
9782378790240
9782379330728
9782379620614
9782379891465
9782380154344
9782382400036
9782382880227
9782401052826
9782401063112
9782401063129
9782401064423
9782405586389
9782409030307
9782412019542
9782412020142
9782416009150
9782492403057
9782494707214
9782494885011
9782501052566
9782501055796
9782501081771
9782501133791
9782501144940
9782501149884
9782501188302
9782508035845
9782603026533
9782700259292
9782700279696
9782700306583
9782700306606
9782700311112
9782700508000
9782700603255
9782701157894
9782701318752
9782702141557
9782702144640
9782702188842
9782702515587
9782702876237
9782702912591
9782704811946
9782705004477
9782707194640
9782707211347
9782708962620
9782709802550
9782710378518
9782711419029
9782711836284
9782711836420
9782711843909
9782711846405
9782711849062
9782711849246
9782711852727
9782711856879
9782711860623
9782711863136
9782711872138
9782721219947
9782723481922
9782724238884
9782725629124
9782725636078
9782726894088
9782728929221
9782729117931
9782729835729
9782731220476
9782732435732
9782732452029
9782732499048
9782733500705
9782733503775
9782733817377
9782733817384
9782733821268
9782733844700
9782733907061
9782733911426
9782735225170
9782735225231
9782735703678
9782737340918
9782737356643
9782737361968
9782737373954
9782737384417
9782738122117
9782738122544
9782738130198
9782738131195
9782742432516
9782742434374
9782742463206
9782743621148
9782744025853
9782744073243
9782744091445
9782745952042
9782745969385
9782746626713
9782746740068
9782747029148
9782747031998
9782747600644
9782749108377
9782749302829
9782749550374
9782749931500
9782749947129
9782753030183
9782753805569
9782754004725
9782754005487
9782754022286
9782754055888
9782754065948
9782754074438
9782754107341
9782754108782
9782755500998
9782755605891
9782755624199
9782755648324
9782756009209
9782756009520
9782756012650
9782756020228
9782756402598
9782756405155
9782757206492
9782757209523
9782757705186
9782757803592
9782757844571
9782757897676
9782758700821
9782759003983
9782759046010
9782759046645
9782759046744
9782759049387
9782759049394
9782759405497
9782760516007
9782761936330
9782761944120
9782761955171
9782803626618
9782806310484
9782809652840
9782809805468
9782809846683
9782809912517
9782810009596
9782810217403
9782810412716
9782810508952
9782812316098
9782812924699
9782812938832
9782813202123
9782813202239
9782814104808
9782815100090
9782815306287
9782816002522
9782816007251
9782816022957
9782816170450
9782817702360
9782818967997
9782818976739
9782818984567
9782820816627
9782821217164
9782822215244
9782822221580
9782822232593
9782823603484
9782824603728
9782824605234
9782824608969
9782830706598
9782830918458
9782840450894
9782841004805
9782841099825
9782841113958
9782841385850
9782841728961
9782841814701
9782842714925
9782842717841
9782842793364
9782843439520
9782843682094
9782843717673
9782843784330
9782844262776
9782844263810
9782844552426
9782844729996
9782844945891
9782845633070
9782845634022
9782847202298
9782847347159
9782848110639
9782848111032
9782848111230
9782848114743
9782848621487
9782848653259
9782848685335
9782848686400
9782848686509
9782849106273
9782849491928
9782849534014
9782850563089
9782851800480
9782851994660
9782854803020
9782857041924
9782858159826
9782859222291
9782859783457
9782865370177
9782866421922
9782866457464
9782866795191
9782867433283
9782867817885
9782869852488
9782871210122
9782872930180
9782874340390
9782874499456
9782875573070
9782877065795
9782877678292
9782879019253
9782880013028
9782880633844
9782882502452
9782882505644
9782884430333
9782884713283
9782889117215
9782889117772
9782889531004
9782889531561
9782889532223
9782889532322
9782889532698
9782889533077
9782889535675
9782889536948
9782889537228
9782889730001
9782889730087
9782894363584
9782896261345
9782901067009
9782901096795
9782901551485
9782901952404
9782902116720
9782904420320
9782905604019
9782907895019
9782908050752
9782909024080
9782909271415
9782909271583
9782910764081
9782914417518
9782914933063
9782915002515
9782915379433
9782915474145
9782915621440
9782915810639
9782916209319
9782916260266
9782916400525
9782916552255
9782916952239
9782917289532
9782917743829
9782918059356
9782918593126
9782919115211
9782919140022
9782920987937
9782924910603
9782951008304
9782952213837
9782952417471
9782952637411
9782953327854
9782953369038
9782953806908
9782953944792
9782955480007
9782955492314
9782956505860
9782956505884
9782956618393
9782957469802
9782958249915
9783038442691
9783381101412
9783625125303
9783625187707
9783791361857
9783831326143
9783879096824
9783952402320
9788492731480
9788836640898
9788861122772
9789037499858
9789042925700
9789044748512
9789403201733
9789403223247
9789403228280
9789954167908
9790006442584
9791020404534
9791021008779
9791021056114
9791022611459
9791022613408
9791023514681
9791027601639
9791028103514
9791028503444
9791028510725
9791028514655
9791028519537
9791029503689
9791032303740
9791032305836
9791032305973
9791032919279
9791032927779
9791036313479
9791036313653
9791037723468
9791038204584
9791041108428
9791092640045
9791092928709
9791093655208
9791096405718
9798640394238
